5 9 21 24 29 31 36
3 8 17 21 23 32 35
2 3 6 15 21 25 30
3 4 6 16 22 27 28
2 4 5 8 23 29 30
4 7 9 11 16 17 33
1 3 15 18 24 28 31
5 10 19 28 31 35 38
5 13 17 29 32 36 38
1 5 6 16 21 35 37
1 2 10 12 16 30 39
8 15 17 18 26 37 39
9 10 14 15 20 24 30
8 9 14 20 22 23 24
4 13 25 31 34 35 36
3 6 9 13 19 20 27
18 19 21 22 26 37 38
3 8 13 18 20 28 32
1 11 13 21 29 35 36
4 6 11 12 23 31 35
6 13 17 20 23 31 39
4 7 8 14 29 31 38
1 2 8 18 23 33 37
3 5 12 14 17 25 34
7 10 17 18 29 33 34
1 2 24 26 29 34 38
8 15 18 20 29 30 34
11 21 23 25 26 29 39
8 15 17 24 29 30 33
4 7 9 12 34 38 39
10 12 14 22 23 34 38
1 12 21 26 28 32 35
3 14 22 30 32 36 39
3 13 15 21 24 27 35
1 9 10 19 21 26 38
14 21 22 23 28 29 35
3 5 7 16 17 19 35
6 11 13 28 31 35 37
8 12 15 28 32 33 34
6 28 29 31 35 36 38
1 20 27 33 35 37 38
3 10 12 16 17 27 36
4 9 12 25 30 32 35
1 3 4 12 27 37 39
7 8 9 14 16 29 36
5 8 11 23 24 35 38
7 15 21 22 23 33 39
10 13 18 19 21 25 33
1 7 8 16 20 33 38
2 8 11 33 35 36 37
3 9 10 12 15 19 22
8 11 20 33 34 38 39
10 13 22 24 28 32 39
8 13 19 27 28 33 39
2 8 12 16 20 21 25
4 9 13 24 26 30 39
9 17 21 22 24 29 39
4 5 7 11 22 29 34
2 6 13 27 31 33 37
14 17 21 24 25 32 39
4 5 9 13 14 18 22
7 9 13 20 22 23 26
8 9 17 24 29 36 38
4 6 8 14 19 26 36
6 12 17 27 32 34 36
7 17 18 21 26 27 30
5 17 21 28 31 32 37
1 9 10 11 15 16 29
8 9 10 14 18 31 32
1 21 25 28 32 34 37
9 11 12 16 30 34 37
5 8 9 10 19 22 25
3 7 8 14 16 19 28
4 5 11 18 25 31 32
3 13 18 21 24 27 36
22 24 27 30 32 34 35
3 5 15 21 24 30 35
12 13 14 25 31 32 34
3 6 10 19 23 26 36
1 2 18 20 29 31 37
4 5 16 28 29 35 38
10 21 23 24 31 32 39
10 13 15 30 31 33 37
6 7 18 20 25 28 30
1 7 8 9 10 18 37
6 7 8 17 26 27 37
2 17 18 22 30 38 39
5 6 14 21 29 36 37
6 22 27 30 31 35 39
7 11 15 31 32 37 39
9 10 12 16 23 29 37
14 17 23 27 32 33 34
4 7 9 11 13 17 34
2 3 6 19 21 25 31
4 10 14 24 25 28 38
3 8 15 19 22 25 28
1 15 16 19 28 33 39
8 16 31 34 36 37 39
8 13 18 24 28 33 35
2 14 15 18 29 31 38
3 10 12 18 22 28 32
3 5 8 21 23 26 35
5 6 13 30 33 37 39
5 6 7 23 25 29 37
2 4 11 15 26 35 37
2 18 21 23 25 28 34
6 8 9 17 20 34 37
7 12 15 24 35 36 39
6 16 17 21 22 37 38
9 13 16 21 24 37 38
1 5 7 13 14 23 28
9 12 13 17 19 22 34
8 15 20 22 26 27 34
4 6 22 27 28 37 39
2 3 5 9 20 29 31
9 15 18 23 27 33 37
3 11 17 21 27 34 37
1 9 13 16 22 37 39
7 10 13 21 27 36 37
7 15 18 26 32 37 38
1 8 21 24 34 38 39
5 9 14 22 27 28 36
2 5 6 9 19 23 37
7 10 22 27 29 34 38
2 4 8 13 23 28 30
3 8 11 12 17 37 38
3 6 18 21 31 34 39
1 2 7 15 25 31 33
1 6 10 23 24 27 28
1 4 14 15 17 24 34
7 11 14 23 26 33 34
2 8 12 13 14 15 16
8 16 18 20 24 35 36
2 4 9 17 27 30 36
2 12 19 25 34 36 39
1 2 4 6 13 32 37
3 7 15 18 26 27 28
12 15 16 19 22 36 38
6 12 13 17 27 28 39
2 5 9 15 25 29 38
7 9 15 16 18 19 31
1 2 6 8 19 28 32
3 7 10 20 26 34 39
1 7 17 20 22 30 38
8 14 18 20 22 25 30
2 7 10 14 23 26 32
14 16 19 23 26 31 36
3 5 7 12 19 33 39
17 25 27 31 32 36 37
2 10 12 30 36 37 39
7 10 23 25 31 32 39
9 13 14 26 31 38 39
10 13 21 29 32 35 36
14 15 18 20 21 26 35
3 7 8 13 18 28 36
6 23 26 29 30 34 35
2 8 9 11 20 23 36
7 12 17 21 31 32 38
2 11 13 14 22 31 37
7 10 12 16 21 22 33
13 14 28 30 31 37 39
6 7 10 17 25 38 39
5 6 7 8 14 21 28
1 9 16 24 29 32 39
8 9 11 25 26 28 34
6 9 20 23 34 36 37
6 10 11 19 21 29 30
4 19 23 33 34 36 38
6 8 14 17 23 26 35
3 10 18 20 22 34 38
3 5 9 16 21 27 33
8 16 27 31 32 35 37
9 20 22 31 32 33 38
5 10 12 16 20 21 24
4 10 21 22 23 35 37
7 9 12 24 27 28 30
1 11 26 29 30 35 39
2 7 13 16 20 31 38
16 19 24 27 28 30 33
8 10 11 13 17 23 25
6 11 14 23 28 34 35
4 5 10 11 23 31 39
2 6 9 16 22 33 37
7 10 14 15 28 29 38
1 2 13 15 29 35 36
1 4 7 12 22 24 39
1 3 11 12 15 16 36
6 11 19 30 32 34 36
3 8 11 24 27 28 29
1 4 5 17 18 19 39
9 15 20 23 24 29 33
3 14 15 16 26 27 36
15 17 24 26 33 36 39
4 9 11 17 19 26 29
1 5 23 28 30 36 37
5 12 16 27 32 38 39
7 10 19 24 28 31 38
9 10 13 19 23 29 35
1 6 8 20 28 29 37
6 16 22 27 31 32 39
4 10 12 14 23 25 27
1 7 19 20 25 37 39
2 15 18 24 27 34 35
5 8 12 17 19 21 37
10 13 17 18 21 29 37
1 8 17 21 22 27 34
10 13 15 20 21 25 35
9 11 12 18 20 26 35
6 10 11 13 14 32 37
6 10 19 25 34 36 38
1 2 7 8 16 28 37
2 4 12 22 24 28 39
1 9 14 19 20 23 32
19 25 27 29 31 34 35
4 6 8 15 28 35 39
5 8 13 17 18 30 34
2 6 14 27 29 30 39
7 13 18 23 27 32 37
4 7 12 17 26 35 39
8 11 14 17 27 28 37
3 8 12 13 27 28 31
3 17 26 27 36 37 38
3 11 14 19 20 35 37
14 15 22 26 28 37 38
12 15 20 21 24 33 39
4 6 28 32 33 36 39
5 6 11 15 24 28 33
5 8 16 18 20 26 29
4 7 9 22 27 32 39
1 3 8 23 26 31 36
1 7 16 19 23 33 38
15 16 19 29 31 32 38
4 7 8 14 16 18 31
2 10 11 12 26 31 35
2 6 7 8 14 26 34
1 2 8 11 16 23 28
10 19 25 27 29 32 36
13 17 22 26 28 35 39
5 8 11 13 24 35 38
5 8 13 24 28 30 39
2 9 19 27 33 35 37
6 9 17 21 27 34 36
6 9 10 17 27 32 36
1 2 18 19 25 31 36
1 8 16 21 23 34 36
7 13 17 27 31 32 33
9 12 18 20 23 25 37
3 10 13 14 24 28 37
1 6 13 18 25 33 35
5 17 20 21 25 28 31
9 13 15 20 26 33 34
9 11 12 21 30 33 37
4 6 12 13 21 27 33
6 8 12 14 22 26 34
2 5 9 23 24 29 34
1 9 15 17 25 28 38
2 4 8 9 16 22 34
2 8 14 17 21 26 29
11 18 23 25 26 35 37
1 9 14 21 36 38 39
3 13 22 27 31 33 38
3 8 12 15 19 22 39
6 10 15 16 21 27 39
3 16 23 26 27 36 39
1 3 4 16 17 32 38
2 9 14 23 25 27 28
1 3 15 16 23 27 37
2 3 9 15 25 35 39
1 9 15 16 19 24 36
6 11 12 15 28 33 38
6 9 15 18 19 28 39
5 14 17 22 25 32 38
4 5 8 22 24 25 29
1 4 6 15 29 37 39
5 7 18 23 25 35 39
6 13 19 22 25 31 39
16 18 20 23 27 28 33
4 13 22 23 32 33 37
4 6 12 23 24 30 35
1 3 14 23 29 30 39
3 10 11 18 23 36 39
4 25 32 33 34 35 38
5 9 11 23 24 33 38
1 11 15 16 18 19 28
5 13 15 23 24 25 26
11 19 26 32 33 35 38
5 8 11 15 27 28 32
5 8 14 18 21 22 26
5 7 15 26 31 35 39
2 15 20 21 22 36 37
12 15 16 17 23 29 36
2 14 16 18 31 34 35
3 4 5 13 24 28 31
3 25 28 32 36 37 38
1 5 10 16 22 24 30
1 6 10 12 20 27 32
7 12 17 26 28 29 31
2 22 34 35 36 37 39
2 11 16 25 26 28 33
5 13 18 19 25 27 37
13 20 22 24 28 34 35
3 12 26 29 32 33 37
4 7 21 24 29 30 32
7 14 18 24 27 31 37
2 7 23 25 35 36 39
9 11 22 23 29 32 33
11 13 15 17 26 30 31
22 24 27 29 30 31 36
10 14 17 21 25 27 37
3 14 20 27 28 33 36
3 8 9 10 12 27 30
10 12 15 16 30 35 37
2 4 5 7 13 22 29
5 17 23 26 31 38 39
17 20 22 23 24 31 33
2 5 15 16 20 31 36
3 14 18 20 21 22 33
4 8 16 17 19 30 31
2 10 16 22 28 32 39
1 4 12 29 33 35 37
12 16 21 25 32 33 35
2 3 7 10 11 12 25
13 14 17 18 26 29 36
4 5 13 25 27 34 37
6 8 13 17 28 31 33
4 6 13 18 26 31 33
9 11 18 21 23 24 25
6 11 15 19 23 28 31
2 6 9 16 27 35 36
2 13 16 18 19 23 39
6 18 21 25 30 36 39
4 14 16 20 26 35 37
4 9 13 14 19 28 36
1 6 8 15 20 25 30
9 12 14 16 22 27 37
2 4 9 10 16 19 38
8 11 23 27 32 34 39
6 14 22 23 30 31 32
10 14 21 22 24 33 38
4 14 16 21 24 31 35
1 3 5 13 19 29 32
1 7 10 17 18 20 26
5 12 15 17 21 26 39
2 9 13 17 19 26 31
5 6 23 27 30 37 39
11 12 13 27 28 33 36
9 14 15 19 22 31 39
17 26 27 29 30 31 38
2 7 16 20 26 27 38
4 6 8 17 29 35 38
7 9 13 14 23 29 37
3 4 5 8 13 24 28
3 19 29 31 33 34 39
2 11 23 25 34 36 37
2 9 13 19 22 31 37
1 4 5 8 12 17 31
7 10 12 21 22 35 39
11 12 14 15 16 20 33
2 4 6 7 14 29 31
12 13 14 29 33 36 38
8 11 14 22 24 34 37
7 15 20 26 27 28 38
5 9 11 15 21 24 26
4 13 23 24 26 34 38
1 7 11 13 26 27 34
4 18 22 25 29 35 39
9 11 15 21 24 32 39
5 8 10 19 31 33 37
18 25 28 31 32 34 35
2 4 10 16 30 33 35
3 5 20 21 23 28 33
3 8 10 14 21 27 30
4 8 10 11 16 30 36
5 11 12 20 27 29 37
4 11 16 17 33 34 37
11 13 22 24 25 31 38
9 10 14 20 22 31 39
14 19 20 21 30 32 37
6 8 13 16 26 28 35
7 11 13 14 15 34 35
3 5 9 18 19 34 36
10 20 23 26 31 33 34
6 14 15 20 22 26 33
4 5 6 7 12 28 33
3 4 7 8 24 28 39
7 9 21 24 25 27 37
1 6 21 25 26 31 33
7 9 16 20 29 33 37
4 5 6 16 23 35 36
1 4 7 10 15 17 22
11 17 23 30 35 37 38
7 9 15 16 24 26 38
5 9 12 13 14 26 32
1 9 10 17 21 22 38
1 8 9 20 21 30 32
1 7 11 20 21 23 26
2 5 23 24 28 37 38
6 9 15 25 30 36 39
3 9 11 21 26 32 36
2 14 22 31 33 34 37
14 19 23 26 27 28 35
18 19 20 28 31 35 36
1 5 24 28 31 35 37
3 9 23 24 25 33 38
2 4 14 19 27 32 36
5 15 18 25 30 36 37
2 4 13 16 24 33 34
4 9 15 20 24 31 36
3 6 8 9 17 26 29
1 19 21 22 27 33 34
1 3 8 12 15 24 38
10 11 13 14 29 32 35
6 12 13 16 26 27 29
1 8 11 18 23 28 37
3 4 15 22 24 34 39
1 5 7 13 23 25 36
3 4 10 14 17 22 31
9 11 23 27 30 32 33
3 20 22 23 24 28 35
3 9 22 23 24 28 31
3 6 12 19 30 34 37
14 25 26 30 31 35 39
2 12 14 23 26 27 28
2 4 10 19 21 29 37
4 5 7 18 24 33 38
3 18 22 29 33 37 39
3 4 9 10 19 21 36
21 22 25 28 31 32 38
5 6 23 24 30 34 39
4 6 15 23 24 28 34
3 9 10 19 28 34 39
3 4 14 18 19 22 38
10 11 19 21 22 29 34
1 8 17 28 31 34 37
14 15 21 22 27 29 35
2 9 12 22 23 24 31
1 14 31 33 35 37 39
6 14 15 16 24 37 38
20 21 22 25 27 31 34
3 7 11 13 16 34 36
3 7 19 20 24 33 37
9 11 13 24 28 31 34
4 5 7 8 22 28 34
6 7 16 18 29 30 33
3 7 12 15 21 29 33
1 5 8 21 22 25 32
5 6 18 19 22 25 32
2 10 14 21 22 30 35
1 3 7 17 19 32 39
3 4 8 15 17 20 33
3 8 9 13 15 19 20
5 13 17 24 27 30 37
2 3 8 13 17 27 35
1 4 6 16 19 29 31
1 2 10 16 18 31 34
1 2 7 9 19 34 36
4 13 14 17 21 26 33
1 5 6 20 34 37 38
1 4 21 22 23 24 38
6 11 13 16 20 36 39
14 21 23 25 28 33 35
4 12 13 15 25 29 39
3 8 12 17 30 34 35
4 8 9 18 26 31 38
13 14 22 30 33 35 39
2 4 10 21 22 26 33
2 5 10 14 27 37 39
1 7 25 26 33 34 38
12 17 24 26 34 35 38
4 5 12 15 22 28 30
10 11 13 19 22 24 34
9 11 12 20 21 29 39
2 6 7 10 14 19 30
1 8 14 19 26 38 39
7 9 27 30 32 35 39
4 15 19 21 23 28 35
1 4 10 21 25 26 37
7 22 27 28 35 36 37
1 6 7 18 20 23 32
5 16 27 30 34 36 38
1 8 10 14 22 28 30
19 21 27 28 29 30 31
3 10 21 25 26 38 39
14 18 20 24 28 31 35
4 19 24 26 27 34 35
5 12 16 25 28 36 39
7 8 17 19 22 24 30
2 5 8 11 13 23 29
11 16 26 29 31 33 38
8 10 12 19 26 28 30
5 11 14 18 21 36 37
6 12 17 19 22 26 32
3 5 11 13 19 37 39
3 15 18 19 26 29 33
11 16 18 21 23 24 30
1 19 20 25 28 33 38
1 8 9 10 16 19 28
2 9 19 21 30 32 39
2 7 12 17 22 29 39
1 6 7 19 32 35 39
2 19 23 24 31 32 35
1 3 16 25 27 32 33
2 3 12 25 31 33 38
1 5 6 16 28 30 39
2 5 16 17 23 27 31
3 7 11 16 17 21 28
3 7 9 13 17 29 34
1 6 12 24 30 32 35
1 14 19 24 25 35 38
2 3 5 24 28 37 38
14 18 21 26 28 29 32
7 8 15 21 28 29 34
1 10 11 16 18 19 21
7 12 15 22 30 33 39
15 24 26 35 36 38 39
2 9 10 17 20 29 32
3 7 27 28 32 33 35
4 10 14 15 29 31 39
1 7 11 19 23 25 32
2 7 9 13 14 29 31
8 14 16 22 27 29 37
12 17 18 19 26 35 39
4 6 9 10 11 18 32
2 3 6 7 10 15 25
13 21 22 28 30 32 39
9 12 19 22 28 36 39
11 15 18 22 24 36 37
4 8 12 18 19 24 31
4 9 13 14 17 37 39
12 13 23 26 27 37 38
11 12 24 26 31 34 35
1 3 8 21 25 30 36
5 10 17 25 28 34 39
1 8 14 19 29 33 39
12 18 21 22 30 37 39
8 16 20 25 30 32 34
5 10 12 20 29 34 36
8 21 22 26 31 37 38
2 7 15 20 21 22 36
2 8 18 22 27 32 37
1 3 10 18 21 22 29
1 14 18 28 29 30 35
3 11 17 21 23 26 36
3 10 21 29 31 38 39
3 4 6 17 30 32 37
9 13 14 16 21 24 31
19 22 25 29 30 36 37
3 7 9 12 14 26 37
1 6 8 22 23 24 33
2 11 16 19 26 29 39
8 17 21 25 27 35 38
2 3 4 9 13 23 24
8 13 15 16 20 28 29
6 12 13 17 20 26 35
1 3 9 22 23 37 38
2 10 14 16 19 36 39
2 5 6 9 22 26 30
12 18 19 24 25 31 32
9 20 22 25 28 30 31
3 8 14 29 32 36 39
6 9 12 14 18 21 26
8 15 18 19 21 23 26
1 6 11 13 21 28 35
3 19 22 29 31 35 37
1 4 9 12 26 31 39
10 13 18 19 30 33 34
5 11 13 14 15 30 31
5 6 7 8 16 26 31
9 13 23 25 28 35 37
2 4 15 17 23 34 36
11 16 17 25 26 31 36
7 9 14 20 23 29 37
1 8 15 22 25 27 39
2 8 17 19 21 23 30
6 15 16 18 21 22 33
3 4 10 15 17 21 31
4 7 16 18 31 33 37
4 11 12 18 23 28 39
3 4 14 16 17 19 37
20 21 26 35 37 38 39
1 4 5 23 24 28 38
7 10 13 27 29 33 36
6 11 19 27 33 35 38
4 5 11 22 33 34 37
9 10 21 23 28 31 38
9 13 22 26 27 34 38
12 15 18 24 29 31 36
3 9 12 18 19 23 34
3 6 12 20 21 32 33
10 12 13 24 32 38 39
3 5 15 16 25 30 32
1 4 7 17 20 26 38
7 12 24 26 30 34 36
5 6 10 15 20 23 31
1 3 7 11 14 20 23
5 8 9 12 17 19 28
3 9 16 21 23 30 31
4 14 26 28 30 34 38
1 2 3 5 10 12 31
4 13 16 26 30 32 33
4 5 12 29 31 37 39
1 5 9 14 29 34 38
5 10 17 23 35 37 38
11 12 15 21 22 27 33
8 10 22 30 36 37 38
1 8 11 12 21 22 29
10 15 16 30 33 34 35
5 9 18 27 30 37 39
2 3 5 7 9 13 17
2 6 19 22 27 29 34
22 25 26 28 29 33 36
7 13 15 21 22 31 35
2 8 16 17 22 25 39
2 5 17 18 21 26 34
2 7 10 14 18 25 35
9 16 24 27 29 32 38
1 8 9 21 24 31 34
3 8 11 18 20 31 32
3 7 13 22 30 35 38
14 18 19 20 24 27 31
3 11 15 19 30 31 39
12 23 24 27 35 36 38
1 8 9 10 19 25 32
5 8 12 14 22 23 37
2 6 11 12 22 29 36
6 8 13 21 27 30 32
4 5 8 13 21 27 37
1 5 6 11 28 34 37
4 5 15 21 22 23 32
2 6 10 20 21 29 32
5 11 15 19 20 25 34
4 5 11 12 23 32 33
1 4 11 18 20 26 33
6 9 11 16 21 23 39
3 5 9 17 20 24 33
6 15 18 21 25 30 39
7 8 11 15 32 33 36
10 15 23 26 29 30 39
1 4 7 20 22 23 29
13 14 15 20 28 30 36
3 10 15 17 31 33 34
2 10 14 17 24 30 34
4 15 16 21 29 30 37
1 5 11 14 23 33 34
3 5 7 17 19 23 38
11 16 20 30 32 33 35
7 8 14 19 24 29 37
13 15 20 21 22 27 31
14 16 18 22 29 37 38
9 13 14 17 20 27 35
10 17 22 26 29 34 35
3 10 15 20 26 38 39
10 16 22 29 35 37 38
11 17 27 28 33 34 37
2 12 13 14 17 23 31
4 9 17 18 19 36 39
5 8 11 16 25 26 33
4 7 12 19 21 23 37
3 4 7 12 15 30 36
5 10 11 19 22 32 35
4 15 16 22 24 28 31
9 11 16 21 29 31 38
1 2 6 12 21 31 32
3 19 24 28 34 36 39
16 19 22 25 29 34 35
1 4 9 22 30 33 35
15 27 32 34 35 36 39
7 17 18 21 26 31 39
6 7 23 25 29 30 35
3 5 9 18 21 31 38
1 2 15 21 22 23 27
12 25 26 32 33 35 38
1 8 16 22 30 32 34
2 17 28 34 35 36 37
1 2 6 11 14 31 39
7 17 18 24 26 35 38
1 3 5 11 14 31 33
11 15 19 22 26 32 38
2 5 19 22 23 34 37
3 4 5 24 25 29 38
13 14 17 19 25 30 32
4 10 21 25 27 30 39
1 3 4 16 27 28 34
1 6 11 23 34 35 39
4 6 9 13 20 34 37
4 5 11 17 28 30 34
2 11 16 21 28 33 37
9 11 12 16 17 35 37
14 15 16 20 22 25 36
4 9 13 14 22 26 37
6 13 20 21 22 27 36
4 14 22 33 36 37 38
9 11 18 23 24 31 32
1 13 14 20 21 27 36
1 3 9 24 27 31 33
5 9 10 22 23 27 35
2 4 10 11 13 19 35
17 19 23 24 29 35 36
8 10 11 16 24 25 35
1 6 9 12 15 16 20
4 10 14 17 18 29 38
3 5 14 18 20 34 36
4 6 8 15 21 23 28
8 14 15 19 22 30 31
8 10 13 30 35 36 37
4 13 17 22 26 33 37
2 4 10 22 23 24 26
6 12 14 19 21 34 35
7 15 18 29 30 35 38
3 4 14 29 30 31 34
10 15 25 26 33 34 36
6 8 10 22 25 37 38
7 17 20 22 25 27 29
12 14 15 23 31 38 39
3 5 7 11 18 32 37
10 11 20 21 27 28 34
4 10 13 21 22 33 34
6 10 11 12 13 16 37
10 11 13 15 29 33 34
3 5 8 10 12 15 38
2 4 21 23 26 37 39
3 5 23 24 30 37 39
1 3 7 10 19 20 30
6 10 15 20 22 30 36
3 4 5 23 25 29 34
5 11 13 18 20 24 31
7 11 14 16 22 31 39
15 17 23 25 26 30 32
3 5 7 15 19 23 28
2 4 6 12 19 28 34
6 13 18 19 21 36 38
2 4 15 16 20 29 38
14 19 27 29 33 36 37
4 17 18 27 31 35 38
5 20 21 24 25 31 39
4 9 11 22 27 30 32
2 6 7 15 20 21 25
3 7 11 13 23 31 35
17 22 26 29 32 35 37
5 9 14 16 22 28 29
7 14 15 24 25 33 39
9 10 15 18 19 25 28
1 5 7 9 11 26 28
7 9 10 22 23 26 37
14 15 18 22 28 29 31
1 6 8 12 19 34 38
8 9 10 22 26 27 28
11 13 19 23 29 36 39
5 16 25 29 31 34 36
2 5 6 9 11 29 39
2 5 10 12 13 21 39
4 9 15 18 19 27 30
16 17 20 26 30 34 37
5 11 16 31 33 38 39
3 5 7 17 20 32 37
4 5 26 27 30 32 38
1 17 19 21 33 36 39
8 9 10 27 28 35 38
12 19 25 29 33 35 39
12 14 15 16 21 29 33
10 13 15 18 21 35 38
3 6 12 15 17 25 30
5 16 19 20 25 31 36
1 7 11 18 22 26 32
6 18 20 25 29 36 38
13 20 22 24 33 34 38
1 3 8 10 28 29 37
7 8 13 14 23 29 35
1 7 9 15 16 24 39
3 4 5 7 19 25 28
4 6 11 12 26 28 34
14 16 21 28 33 34 37
9 13 18 20 21 24 29
16 21 22 23 27 31 39
6 15 24 27 28 31 35
6 13 14 17 25 26 39
1 6 8 14 25 33 37
13 20 22 23 28 30 35
7 12 20 21 25 31 36
2 5 10 18 23 37 39
4 6 18 25 26 28 31
5 15 16 19 21 23 39
5 9 18 23 28 33 34
2 3 10 26 27 31 36
3 10 12 16 20 23 37
3 8 19 26 32 33 37
10 18 20 26 28 31 32
1 11 16 20 30 32 39
3 8 17 25 34 35 37
6 21 23 24 30 31 39
5 8 10 11 15 24 26
3 5 10 25 30 32 38
8 12 14 17 24 27 38
5 13 16 18 23 35 36
8 11 13 14 25 34 36
10 19 20 24 32 36 37
2 8 17 21 24 32 39
6 9 15 22 23 33 38
1 3 5 6 27 36 39
1 6 11 13 19 28 38
6 7 8 12 17 23 34
7 8 13 15 30 32 36
1 2 7 16 25 26 36
2 15 19 24 27 29 30
8 9 25 26 27 28 39
7 10 15 16 23 28 39
1 4 7 8 23 34 38
2 3 6 16 24 26 35
1 4 5 15 18 19 38
5 10 16 18 22 28 36
4 5 9 22 23 27 37
1 2 4 6 11 16 25
8 14 19 20 25 31 35
3 4 5 15 23 28 37
2 8 10 17 22 27 34
5 8 14 21 23 27 33
1 4 11 25 26 31 33
5 16 20 24 33 35 38
1 5 9 13 16 36 39
1 6 17 18 19 23 35
6 9 18 21 22 23 38
3 6 10 23 27 30 33
1 5 15 16 22 27 32
11 20 32 33 34 35 36
6 11 13 15 19 24 33
2 3 6 17 23 24 33
1 3 7 16 23 24 26
3 7 17 27 29 32 38
2 8 15 21 27 32 38
4 8 15 20 24 28 33
3 6 16 25 27 32 35
2 6 8 10 14 23 30
2 10 15 16 20 21 25
4 12 18 27 34 36 37
1 4 17 24 28 33 37
7 16 17 18 24 28 37
2 12 14 16 19 31 39
8 25 27 30 32 36 39
7 9 12 15 16 21 29
2 17 26 29 35 36 37
4 7 8 9 10 35 36
4 7 19 22 29 36 37
7 13 14 19 20 27 30
10 11 13 20 27 28 38
3 6 9 12 19 38 39
5 6 7 14 29 33 39
1 4 14 17 22 29 31
12 20 22 27 28 36 39
1 11 20 24 25 34 39
1 9 14 16 21 29 34
2 9 14 21 23 35 36
17 19 20 21 23 26 36
8 18 19 22 24 27 37
3 16 19 29 32 35 37
3 5 11 15 20 21 25
1 6 7 14 29 33 34
3 10 21 22 29 32 34
4 5 8 11 21 28 37
5 6 9 15 16 19 29
5 10 11 19 29 38 39
3 7 18 21 23 24 34
5 9 15 20 29 30 33
11 16 19 21 22 33 35
10 11 13 18 28 37 38
5 12 14 23 29 34 39
11 13 17 27 30 34 38
12 16 17 22 23 35 39
13 19 23 28 29 30 38
12 17 18 21 24 25 32
9 11 15 16 20 30 31
1 8 11 14 15 24 35
12 21 25 27 33 38 39
6 7 10 16 21 29 30
3 6 8 19 20 25 26
2 6 15 27 30 33 37
3 10 12 19 29 34 39
5 7 13 14 19 33 35
10 11 12 15 16 27 34
8 10 15 17 21 26 27
12 19 20 24 27 30 36
7 8 18 19 22 28 34
10 13 14 29 34 35 39
13 21 23 24 25 29 33
10 12 15 21 26 32 39
10 19 22 26 30 31 33
2 8 12 16 19 28 33
4 5 10 20 29 31 33
1 5 12 13 24 25 39
2 11 17 20 33 38 39
5 6 10 23 25 33 35
8 10 11 14 15 25 35
6 7 17 18 21 29 35
2 3 5 8 26 33 34
10 21 22 28 29 34 37
1 5 14 18 23 25 29
1 3 11 14 18 35 38
1 13 15 24 30 31 36
11 12 20 21 24 30 31
4 15 20 21 33 34 36
5 10 12 14 16 27 33
13 21 25 29 30 35 37
3 9 13 14 24 28 31
9 13 22 28 31 35 37
3 7 12 25 33 34 38
7 8 14 16 22 32 39
2 4 9 15 26 32 34
3 14 21 24 26 29 37
7 10 11 23 25 30 38
5 7 12 15 17 32 35
1 12 15 18 21 24 35
17 20 22 26 33 35 36
2 6 14 27 31 36 37
4 19 20 25 29 32 33
8 12 14 16 22 29 36
2 6 8 21 29 36 38
8 13 20 23 29 35 36
5 9 10 13 18 29 34
2 3 5 21 25 30 39
6 7 11 15 19 23 26
1 2 4 9 34 35 36
4 6 16 21 24 32 34
3 4 5 18 21 35 38
1 12 13 16 27 32 39
1 2 12 23 29 31 35
4 13 15 18 23 24 26
14 15 18 25 26 29 35
1 6 14 23 27 35 36
6 8 9 12 21 29 30
5 15 18 28 30 33 36
2 6 11 22 28 31 34
8 11 15 22 33 38 39
3 11 13 19 29 32 36
4 6 10 11 20 32 37
5 9 10 12 16 35 37
4 6 8 12 34 36 39
7 11 16 26 28 34 35
6 8 11 23 29 30 31
4 9 14 17 27 29 33
3 4 9 19 28 34 37
1 6 7 9 21 34 37
3 14 24 27 31 33 36
1 3 10 17 22 26 37
5 8 12 14 17 20 30
2 6 15 21 22 23 25
11 16 18 20 25 34 35
10 14 15 18 24 31 34
4 9 13 18 26 29 31
9 11 17 23 26 33 34
3 4 5 7 9 21 27
2 4 11 18 20 22 23
5 6 16 17 18 27 28
6 8 9 19 22 31 37
2 6 21 24 25 27 32
8 9 11 15 17 32 37
10 11 23 26 30 32 33
8 17 22 26 36 37 38
2 4 13 22 23 33 39
8 9 13 21 23 27 28
2 11 12 16 24 27 32
1 4 11 17 25 27 31
3 8 10 15 18 33 38
15 22 23 27 29 38 39
11 13 16 17 19 24 30
3 5 17 24 27 29 38
11 13 16 25 30 36 38
15 19 22 26 27 32 38
6 9 10 12 14 37 39
6 7 8 17 18 23 32
1 4 15 23 26 29 37
4 10 15 16 36 37 38
3 6 17 22 23 35 38
1 9 10 19 25 34 35
8 23 24 26 28 33 34
4 9 14 23 27 36 39
3 10 12 17 18 20 34
3 6 9 16 28 32 38
6 14 20 26 28 31 38
16 19 25 26 27 35 39
13 19 22 23 32 35 37
2 4 5 12 19 22 33
2 9 20 24 28 34 37
3 12 21 26 28 31 37
10 22 23 27 28 32 37
4 9 11 17 22 30 35
1 4 6 14 17 23 29
18 19 21 22 29 31 37
7 11 21 26 27 37 38
5 7 22 29 32 35 39
3 11 23 24 25 26 34
5 6 7 9 19 31 39
1 2 4 15 28 30 34
5 9 17 23 24 26 32
7 11 13 14 18 33 36
5 11 14 16 25 30 39
8 14 19 22 26 27 29
2 4 13 20 34 37 39
5 19 21 27 28 32 37
5 13 16 20 21 30 36
9 12 25 27 29 30 34
2 4 6 7 9 23 27
1 10 21 31 37 38 39
1 2 10 12 28 31 36
1 13 16 21 25 38 39
7 15 17 18 21 32 35
21 22 29 34 35 36 39
1 6 7 33 34 37 38
7 8 9 17 20 26 34
6 9 13 27 29 30 31
3 16 17 24 27 33 36
1 7 10 11 17 21 31
16 17 21 25 31 33 39
2 7 8 19 21 33 35
4 13 15 18 29 31 32
2 8 16 17 20 23 32
5 9 16 27 29 31 37
4 10 13 14 19 20 31
5 9 14 15 17 23 33
8 10 13 18 25 27 28
2 22 26 28 32 33 38
12 22 25 32 33 35 38
1 3 13 14 18 21 22
1 10 14 15 16 25 38
8 13 25 27 29 31 38
3 6 11 19 23 24 25
1 8 14 21 27 32 37
7 10 16 22 24 28 39
2 7 20 22 35 36 37
2 8 14 19 34 37 39
2 3 9 10 20 21 23
4 5 23 28 29 30 39
15 17 18 22 33 36 37
1 5 12 24 28 36 39
1 2 5 14 15 28 36
9 13 18 25 26 34 38
4 9 12 21 28 33 36
4 5 6 7 18 25 28
1 2 4 9 26 29 30
5 6 16 18 21 37 38
7 8 13 19 22 32 34
13 15 17 20 27 34 36
7 13 18 32 37 38 39
15 25 26 28 29 37 38
9 16 25 28 30 31 36
14 16 17 27 29 32 38
3 4 13 28 29 35 37
2 7 9 15 26 37 38
2 13 26 33 35 38 39
4 7 9 11 14 20 31
5 7 8 9 10 21 31
7 13 15 16 25 33 34
3 14 22 23 27 30 38
1 14 19 26 30 34 38
12 14 20 21 22 25 29
2 3 4 5 33 35 36
1 4 8 10 25 26 32
1 4 10 22 24 28 32
2 7 24 31 36 37 38
8 16 19 23 29 31 37
9 13 17 20 24 33 38
1 2 4 15 28 29 37
1 8 13 21 23 25 37
2 4 6 28 32 35 36
1 8 9 16 25 32 38
5 6 10 16 19 32 33
8 16 20 23 25 33 38
1 3 5 9 18 19 33
1 8 18 20 28 32 34
2 5 12 13 19 20 25
6 7 8 12 15 16 26
4 12 25 27 29 30 32
6 8 10 15 22 23 34
18 19 29 30 31 34 37
4 9 14 16 17 28 34
2 5 16 19 29 38 39
2 4 9 10 12 14 34
4 13 17 20 24 31 38
1 2 8 14 24 29 31
1 4 7 15 19 27 33
3 10 18 23 30 33 37
1 4 19 21 28 29 39
9 19 24 29 33 35 39
2 3 5 14 28 31 35
9 12 16 20 28 29 33
1 11 15 29 32 34 36
2 13 14 22 24 26 27
3 12 14 15 19 29 37
1 3 18 29 32 33 34
6 20 21 23 25 30 38
14 16 20 28 32 33 38
9 12 19 21 24 36 38
1 5 8 10 11 13 25
6 7 10 27 28 35 39
16 18 22 23 28 30 37
10 11 18 22 24 31 32
2 6 9 24 25 31 36
9 10 22 23 25 33 37
5 6 21 25 26 31 35
1 3 12 14 18 22 34
8 10 14 17 23 30 37
3 8 11 19 20 24 29
5 8 13 23 24 32 38
2 4 8 12 18 32 39
1 3 4 7 18 19 23
4 5 6 12 22 25 29
13 14 18 27 29 32 37
3 5 9 10 13 17 32
9 11 16 20 29 30 36
1 9 15 17 18 22 31
6 8 20 23 26 27 32
16 20 25 34 35 37 38
4 7 8 20 33 36 38
7 13 14 18 22 26 29
3 8 10 12 15 35 38
10 13 17 24 29 33 39
6 13 19 20 30 32 34
5 9 15 19 22 33 34
6 14 23 35 36 38 39
8 12 14 20 25 26 28
2 23 26 34 35 36 38
8 13 23 30 32 35 39
11 14 15 21 26 33 38
6 7 8 11 22 26 38
1 6 8 9 10 31 37
2 5 12 27 30 35 39
6 8 13 15 32 36 37
3 9 11 15 18 19 22
10 16 18 20 25 31 36
12 16 17 19 29 35 37
2 13 14 18 21 23 25
1 11 20 23 24 30 34
4 8 10 11 15 29 32
7 9 11 12 19 26 35
4 8 9 10 23 30 33
3 6 7 18 29 32 37
7 13 14 18 23 26 27
8 11 19 33 34 36 38
6 20 23 26 31 33 37
10 20 21 25 30 34 35
1 2 7 12 19 24 27
2 3 7 16 21 22 33
5 11 14 28 33 38 39
1 5 7 8 13 19 34
7 10 19 25 26 34 39
6 9 15 20 22 28 36
14 19 20 21 23 35 37
6 11 14 15 17 29 39
4 8 22 23 31 33 38
1 10 18 22 29 34 35
7 18 22 24 27 29 33
2 11 12 14 23 25 29
3 16 21 22 23 27 29
4 5 17 27 29 30 33
3 6 9 16 28 32 37
11 12 24 28 33 36 39
1 6 10 27 30 36 37
1 12 19 24 28 32 39
5 8 14 25 32 36 39
1 2 3 26 27 28 37
7 9 14 17 27 32 37
3 11 18 22 25 32 35
12 13 22 32 34 35 37
2 5 10 16 22 24 33
3 6 7 8 16 22 32
4 11 12 15 27 31 37
3 5 15 17 18 28 36
6 15 18 23 26 32 33
8 10 14 26 33 34 36
1 2 5 20 24 35 36
8 10 12 21 24 29 37
8 17 25 27 37 38 39
10 14 18 26 28 30 33
1 3 13 18 24 25 38
4 17 18 24 25 32 37
4 5 8 13 18 25 29
2 4 26 29 32 33 37
1 2 5 6 10 12 33
1 4 11 16 22 23 30
3 10 26 30 31 33 38
2 9 13 23 25 28 30
8 11 12 14 28 32 37
5 7 10 13 21 25 34
5 6 11 13 23 25 27
6 11 13 16 17 18 34
5 8 12 15 22 35 38
7 18 21 24 26 34 35
8 16 22 23 24 30 31
1 14 26 28 34 35 36
2 9 18 19 20 24 28
9 13 15 16 22 30 33
3 6 11 29 32 34 35
8 10 11 13 28 30 33
2 11 18 22 23 36 37
17 20 21 29 30 34 39
2 4 12 17 18 30 36
1 3 6 15 22 25 28
4 6 7 14 19 23 29
1 3 6 8 18 23 28
23 25 28 30 35 37 39
7 8 11 19 22 34 37
1 2 6 11 15 23 32
1 3 4 5 12 20 35
3 8 22 26 27 33 39
4 20 22 24 34 38 39
1 3 4 8 11 12 16
3 8 14 18 19 28 34
10 11 12 17 21 31 38
8 9 10 13 15 19 24
9 16 18 19 21 32 33
1 2 14 17 18 32 35
2 7 12 17 18 21 25
10 11 13 14 23 34 38
7 11 13 19 26 34 39
8 13 17 21 29 32 38
5 6 19 24 31 32 39
8 16 17 19 25 27 39
10 14 19 33 35 37 38
10 17 25 26 34 38 39
4 9 10 16 24 27 35
14 21 26 27 31 34 37
2 9 11 15 19 22 33
2 4 9 10 21 27 35
6 9 19 25 26 34 36
8 15 22 27 34 37 38
1 10 18 24 32 35 39
1 9 16 19 27 32 34
2 18 24 30 33 34 39
1 10 15 19 29 32 36
9 11 14 26 33 34 37
